2 0.399667 0.865681 0.088457 0.215213
2 0.030469 0.918269 0.060938 0.148870
2 0.119728 0.689301 0.104642 0.182843
2 0.236231 0.448204 0.061488 0.195796
2 0.172046 0.290431 0.118660 0.126213
2 0.203870 0.763736 0.076593 0.124602
2 0.187691 0.869722 0.121901 0.116500
2 0.509698 0.632667 0.079827 0.144019
2 0.192006 0.157750 0.108951 0.142389
2 0.292867 0.225708 0.086302 0.181231
2 0.368920 0.366486 0.065802 0.197417
2 0.342488 0.670694 0.062568 0.190944
2 0.213580 0.563088 0.067963 0.098713
2 0.231920 0.684449 0.065802 0.147250
2 0.310130 0.883477 0.071198 0.218454
2 0.521562 0.794477 0.122975 0.228157
2 0.412071 0.692542 0.055019 0.173139
2 0.422318 0.588981 0.062562 0.218444
2 0.632133 0.562278 0.169364 0.265370
2 0.496750 0.343023 0.069043 0.160194
2 0.852738 0.116491 0.140241 0.166667
2 0.888877 0.912606 0.134840 0.173139
2 0.725448 0.951852 0.077673 0.096296
2 0.736235 0.360014 0.133765 0.229769
2 0.611099 0.389139 0.099247 0.135926
2 0.518327 0.229755 0.088457 0.127824
2 0.425552 0.284773 0.049623 0.241102
2 0.060938 0.253218 0.069037 0.223306
2 0.899123 0.676356 0.114346 0.228157
