0 0.257600 0.827649 0.297200 0.134345
0 0.061300 0.881042 0.122600 0.101964
0 0.054050 0.690089 0.108100 0.108393
0 0.118383 0.453065 0.236767 0.145655
0 0.659933 0.760476 0.331667 0.171548
0 0.089833 0.297708 0.179667 0.087321
0 0.167433 0.160149 0.212933 0.080893
0 0.669867 0.122143 0.232067 0.118095
0 0.577433 0.438482 0.273733 0.126250
0 0.789917 0.482976 0.242033 0.092262
0 0.649017 0.853542 0.284633 0.134345
0 0.381717 0.446577 0.286433 0.174702
0 0.616433 0.956310 0.304467 0.087381
0 0.912883 0.070357 0.174233 0.085714
0 0.614133 0.328452 0.260133 0.106786
0 0.849450 0.355952 0.301100 0.110000
0 0.753267 0.645595 0.335267 0.155357
0 0.815783 0.948214 0.219300 0.103571
