0 0.156065 0.669900 0.233170 0.258900
0 0.158495 0.415775 0.134470 0.317310
0 0.310675 0.381795 0.163430 0.252590
0 0.394825 0.658580 0.108410 0.242720
0 0.328400 0.699760 0.160360 0.273620
0 0.423060 0.854290 0.278480 0.161980
0 0.397250 0.241910 0.275080 0.140780
0 0.684470 0.150485 0.241100 0.194170
0 0.559060 0.398060 0.126220 0.258900
0 0.587375 0.765290 0.250810 0.197580
0 0.627025 0.877835 0.268610 0.195790
0 0.783170 0.582525 0.244340 0.200650
0 0.529935 0.107605 0.336570 0.114890
0 0.778335 0.699820 0.331670 0.160240
