2 0.846614 0.499125 0.251384 0.250806
2 0.401172 0.220819 0.134336 0.224917
2 0.671965 0.458681 0.097694 0.118139
2 0.610701 0.530681 0.110590 0.122972
2 0.534437 0.242667 0.106402 0.142389
2 0.681633 0.297681 0.138542 0.174750
2 0.435572 0.407708 0.087048 0.135917
2 0.539815 0.403667 0.196679 0.244333
2 0.299077 0.567917 0.110701 0.142389
2 0.301227 0.762083 0.115000 0.187722
2 0.141089 0.554153 0.170886 0.334972
2 0.151292 0.279069 0.116089 0.215194
2 0.227601 0.673083 0.085978 0.213611
2 0.627408 0.817097 0.098875 0.148861
2 0.506504 0.675514 0.183782 0.325250
2 0.364096 0.665806 0.120369 0.124611
2 0.331319 0.501556 0.166587 0.168278
2 0.240498 0.322750 0.109631 0.231389
2 0.692435 0.665000 0.200996 0.194167
